204,307
204,307
204,306
204,305
205,304
206,303
206,302
206,301
206,300
207,299
208,298
209,297
210,296
211,295
212,294
213,293
214,293
215,293
216,293
217,293
218,293
219,293
220,293
221,293
222,293
223,293
224,293
225,293
226,293
227,293
228,293
229,293
230,293
231,293
232,293
233,293
234,293
235,293
236,293
237,293
238,293
239,293
240,293
241,293
242,293
243,293
244,293
245,293
246,293
247,292
248,291
249,290
250,289
251,288
252,287
253,286
254,285
255,284
256,283
257,283
258,283
259,283
260,283
261,283
262,283
263,283
264,283
265,283
266,283
267,283
268,283
269,283
270,283
271,283
272,283
273,283
274,283
275,283
276,283
277,283
278,283
279,283
280,283
281,283
282,283
283,283
284,283
285,283
286,283
287,283
288,283
289,283
290,283
291,283
292,283
293,283
294,283
295,283
296,283
297,283
298,283
299,283
300,283
301,283
302,283
303,283
304,283
305,283
306,283
307,283
308,283
309,283
310,283
311,283
312,283
313,283
314,283
315,283
316,283
317,283
318,283
319,283
320,283
321,283
322,283
323,283
324,283
325,283
326,283
327,283
328,283
329,283
330,283
331,283
332,283
333,283
334,283
335,283
336,283
337,283
338,283
339,283
340,283
341,283
342,283
343,283
344,283
345,283
346,283
347,283
348,283
349,283
350,283
351,283
352,283
353,283
354,283
355,283
356,283
357,283
358,283
359,283
360,283
361,283
362,283
363,283
364,283
365,283
366,283
367,283
368,283
369,283
370,283
371,283
372,283
373,283
374,283
375,283
376,283
377,283
378,283
379,283
380,283
381,283
382,283
383,283
384,283
385,283
386,283
387,283
388,283
389,283
390,283
391,283
392,283
393,283
394,283
395,283
396,283
397,283
398,283
399,283
400,283
401,283
402,283
403,283
404,283
405,283
406,283
407,283
408,283
409,283
410,283
411,283
412,283
413,283
414,283
415,283
416,283
417,283
418,283
419,283
420,282
421,281
422,280
423,279
424,278
425,277
426,276
427,275
428,274
429,273
430,272
431,272
432,272
433,272
434,272
435,272
436,272
437,272
438,272
439,272
440,271
441,270
442,269
443,268
444,267
445,266
446,265
447,264
448,263
449,262
450,261
451,260
452,259
453,258
454,257
455,256
456,255
457,254
458,253
459,252
460,252
461,252
462,252
463,252
464,252
465,252
466,252
467,252
468,252
469,252
470,252
471,252
472,252
473,252
474,252
475,252
476,252
477,252
478,252
479,252
480,252
481,252
482,252
483,252
484,252
485,252
486,252
487,252
488,252
489,252
490,251
491,250
492,249
493,248
494,247
494,247
493,247
492,247
491,248
490,249
489,249
488,249
487,250
486,251
485,252
484,252
483,252
482,252
481,252
480,252
479,252
478,252
477,252
476,252
475,252
474,252
473,252
472,252
471,252
470,252
469,252
468,252
467,252
466,252
465,252
464,252
463,252
462,252
461,252
460,252
459,252
458,253
457,254
456,255
455,256
454,257
453,258
452,259
451,260
450,261
449,262
448,263
447,264
446,265
445,266
444,267
443,268
442,269
441,270
440,271
439,271
438,271
437,271
436,271
435,271
434,271
433,271
432,271
431,271
430,271
429,271
428,271
427,271
426,271
425,271
424,271
423,271
422,271
421,271
420,271
419,271
418,271
417,271
416,271
415,271
414,271
413,272
412,273
411,274
410,275
409,276
408,277
407,278
406,278
405,278
404,278
403,278
402,278
401,278
400,279
399,279
398,279
397,279
396,279
395,279
394,279
393,279
392,279
391,279
390,279
389,280
388,281
387,281
386,281
385,281
384,281
383,281
382,281
381,281
380,281
379,281
378,281
377,281
376,281
375,281
374,281
373,281
372,281
371,281
370,281
369,281
368,281
367,281
366,281
365,281
364,281
363,281
362,281
361,281
360,281
359,281
358,281
357,281
356,281
355,281
354,281
353,281
352,281
351,281
350,281
349,281
348,281
347,281
346,281
345,281
344,281
343,281
342,281
341,281
340,281
339,281
338,281
337,281
336,281
335,281
334,281
333,281
332,281
331,281
330,281
329,281
328,281
327,281
326,281
325,281
324,281
323,281
322,281
321,281
320,281
319,281
318,281
317,281
316,281
315,281
314,281
313,281
312,281
311,281
310,281
309,281
308,281
307,281
306,281
305,281
304,281
303,281
302,281
301,281
300,281
299,281
298,281
297,281
296,281
295,281
294,281
293,281
292,281
291,281
290,281
289,281
288,281
287,281
286,281
285,281
284,281
283,281
282,281
281,281
280,281
279,281
278,281
277,281
276,281
275,281
274,281
273,281
272,281
271,281
270,281
269,281
268,281
267,281
266,281
265,281
264,281
263,281
262,281
261,281
260,281
259,281
258,281
257,281
256,281
255,281
254,281
253,281
252,281
251,281
250,281
249,281
248,281
247,281
246,281
245,281
244,281
243,281
242,281
241,281
240,281
239,281
238,281
237,281
236,281
235,281
234,281
233,281
232,281
231,281
230,281
229,281
228,281
227,281
226,281
225,281
224,282
223,283
222,284
221,285
220,286
219,287
218,288
217,289
216,290
215,291
214,292
213,293
212,294
212,295
212,296
212,297
212,298
212,299
211,300
210,301
209,302
208,303
207,304
206,305
205,306
204,307
