333 122
333 121
333 120
333 119
333 118
333 117
333 116
333 115
333 114
333 113
333 112
333 111
333 110
333 109
333 108
333 107
333 106
333 105
333 104
333 103
333 102
333 101
333 100
333 99
333 98
333 97
333 96
333 95
333 94
333 93
333 92
333 91
333 90
333 89
333 88
333 87
333 86
333 85
333 84
333 83
333 82
333 81
333 80
333 79
333 78
333 77
333 76
333 75
333 74
333 73
333 72
333 71
333 70
333 69
333 68
333 67
333 66
333 65
333 64
333 63
333 62
333 61
333 60
333 59
333 58
332 58
331 58
330 58
329 58
328 58
327 58
326 58
325 58
324 58
323 58
322 58
321 58
320 58
319 58
318 58
317 58
316 58
315 58
314 58
313 58
312 58
311 58
310 58
309 58
308 58
307 58
306 58
305 58
304 58
303 58
302 58
301 58
300 58
299 58
298 58
297 58
296 58
295 58
294 58
293 58
292 58
291 58
290 58
289 58
288 58
287 58
286 58
285 58
284 58
283 58
282 58
281 58
280 58
279 58
278 58
277 58
276 58
275 58
274 58
273 58
272 58
271 58
270 58
269 58
268 58
267 58
266 58
265 58
264 58
263 58
262 58
261 58
260 58
259 58
258 58
257 58
256 58
255 58
254 58
253 58
252 58
251 58
250 58
249 58
248 58
247 58
246 58
245 58
244 58
243 58
242 58
241 58
240 58
239 58
238 58
237 58
236 58
235 58
234 58
233 58
232 58
231 58
230 58
229 58
228 58
227 58
226 58
225 58
224 58
223 58
222 58
221 58
220 58
219 58
218 58
217 58
216 58
215 58
214 58
213 58
212 58
211 58
210 58
209 58
208 58
207 58
206 58
205 58
204 58
203 58
202 58
201 58
200 58
199 58
198 58
197 58
196 58
195 58
194 58
193 58
192 58
191 58
190 58
189 58
188 58
187 58
186 58
185 58
184 58
183 58
182 58
181 58
180 58
179 58
178 58
177 58
176 58
175 58
174 58
173 58
172 58
171 58
170 58
169 58
168 58
167 58
166 58
165 58
164 58
163 58
162 58
161 58
160 58
159 58
158 58
354 56
353 56
352 56
351 56
350 56
349 56
348 56
347 56
346 56
345 56
344 56
343 56
342 56
341 56
340 56
339 56
338 56
337 56
336 56
335 56
334 56
333 56
333 57
333 58
333 59
333 60
333 61
333 62
333 63
333 64
333 65
333 66
333 67
333 68
333 69
333 70
333 71
333 72
333 73
333 74
333 75
333 76
333 77
333 78
333 79
333 80
333 81
333 82
333 83
333 84
333 85
333 86
333 87
333 88
333 89
333 90
333 91
333 92
333 93
333 94
333 95
333 96
333 97
333 98
333 99
333 100
333 101
333 102
333 103
333 104
333 105
333 106
333 107
333 108
333 109
333 110
333 111
333 112
333 113
333 114
333 115
333 116
333 117
333 118
333 119
333 120
333 121
333 122
389 55
388 55
387 55
386 55
385 55
384 55
383 55
382 55
381 55
380 55
379 55
378 55
377 55
376 55
375 55
374 55
373 55
372 55
371 55
370 55
369 55
368 55
367 55
366 55
365 55
364 55
363 55
362 55
361 55
360 55
359 55
358 55
357 55
356 55
355 55
354 55
354 56
427 158
427 157
427 156
427 155
427 154
427 153
427 152
427 151
427 150
427 149
427 148
427 147
427 146
427 145
427 144
427 143
427 142
427 141
427 140
427 139
427 138
427 137
427 136
427 135
427 134
428 134
428 133
428 132
428 131
428 130
428 129
428 128
428 127
428 126
428 125
428 124
428 123
428 122
428 121
428 120
428 119
428 118
428 117
428 116
428 115
428 114
428 113
428 112
428 111
428 110
428 109
428 108
428 107
428 106
428 105
428 104
429 104
429 103
429 102
429 101
429 100
429 99
429 98
429 97
429 96
429 95
429 94
429 93
429 92
429 91
429 90
429 89
429 88
429 87
429 86
429 85
429 84
429 83
429 82
429 81
429 80
429 79
429 78
429 77
429 76
429 75
429 74
429 73
428 73
427 73
426 73
425 73
424 73
423 73
422 73
421 73
420 73
419 73
418 73
417 73
416 73
415 73
414 73
413 73
412 73
411 73
410 73
409 73
408 73
407 73
406 73
405 73
404 73
403 73
402 73
401 73
400 73
399 73
398 73
397 73
396 73
395 73
395 72
395 71
395 70
395 69
395 68
395 67
395 66
395 65
395 64
395 63
395 62
395 61
395 60
395 59
395 58
395 57
395 56
395 55
394 55
393 55
392 55
391 55
390 55
389 55
492 250
492 249
492 248
492 247
492 246
492 245
492 244
492 243
492 242
492 241
492 240
492 239
492 238
491 238
490 238
489 238
488 238
487 238
486 238
485 238
484 238
483 238
482 238
481 238
480 238
479 238
478 238
477 238
476 238
475 238
474 238
473 238
472 238
471 238
470 238
469 238
468 238
468 237
468 236
468 235
468 234
468 233
468 232
468 231
468 230
468 229
468 228
468 227
468 226
468 225
468 224
468 223
468 222
468 221
468 220
468 219
468 218
468 217
468 216
468 215
468 214
468 213
468 212
468 211
468 210
468 209
468 208
468 207
468 206
468 205
468 204
468 203
468 202
468 201
468 200
468 199
468 198
468 197
468 196
468 195
468 194
468 193
468 192
468 191
468 190
468 189
468 188
468 187
468 186
468 185
468 184
468 183
468 182
468 181
468 180
468 179
468 178
468 177
468 176
468 175
468 174
468 173
468 172
468 171
468 170
468 169
468 168
468 167
467 167
466 167
465 167
464 167
463 167
462 167
461 167
460 167
459 167
458 167
457 167
456 167
455 167
455 166
455 165
455 164
454 164
453 164
452 164
451 164
450 164
449 164
448 164
447 164
446 164
445 164
444 164
443 164
442 164
441 164
440 164
439 164
438 164
437 164
436 164
435 164
435 163
434 163
434 162
434 161
433 161
433 160
433 159
433 158
432 158
431 158
430 158
429 158
428 158
427 158
203 295
203 294
203 293
203 292
203 291
203 290
203 289
203 288
203 287
203 286
203 285
203 284
203 283
203 282
203 281
203 280
203 279
203 278
203 277
203 276
203 275
203 274
203 273
203 272
204 272
205 272
206 272
207 272
208 272
208 271
208 270
208 269
208 268
208 267
208 266
208 265
208 264
208 263
208 262
208 261
208 260
208 259
208 258
208 257
208 256
208 255
208 254
208 253
208 252
209 252
210 252
211 252
212 252
213 252
214 252
215 252
216 252
217 252
218 252
219 252
220 252
221 252
222 252
223 252
224 252
225 252
226 252
227 252
228 252
229 252
230 252
231 252
232 252
233 252
234 252
235 252
236 252
237 252
238 252
239 252
240 252
241 252
242 252
243 252
244 252
245 252
246 252
247 252
248 252
249 252
250 252
251 252
252 252
253 252
254 252
255 252
256 252
257 252
258 252
259 252
260 252
261 252
262 252
263 252
264 252
265 252
266 252
267 252
268 252
269 252
270 252
271 252
272 252
273 252
274 252
275 252
276 252
277 252
278 252
279 252
280 252
281 252
282 252
283 252
284 252
285 252
286 252
287 252
288 252
289 252
290 252
291 252
292 252
293 252
294 252
295 252
296 252
297 252
298 252
299 252
300 252
301 252
302 252
303 252
304 252
305 252
306 252
307 252
308 252
309 252
310 252
311 252
312 252
313 252
314 252
315 252
316 252
317 252
318 252
319 252
320 252
321 252
322 252
323 252
324 252
325 252
326 252
327 252
328 252
329 252
330 252
331 252
332 252
333 252
334 252
335 252
336 252
337 252
338 252
339 252
340 252
341 252
342 252
343 252
344 252
345 252
346 252
347 252
348 252
349 252
350 252
351 252
352 252
353 252
354 252
355 252
356 252
357 252
358 252
359 252
360 252
361 252
362 252
363 252
364 252
365 252
366 252
367 252
368 252
369 252
370 252
371 252
372 252
373 252
374 252
375 252
376 252
377 252
378 252
379 252
380 252
381 252
382 252
383 252
384 252
385 252
386 252
387 252
388 252
389 252
390 252
391 252
392 252
393 252
394 252
395 252
396 252
397 252
398 252
399 252
400 252
401 252
402 252
403 252
404 252
405 252
406 252
407 252
408 252
409 252
410 252
411 252
412 252
413 252
414 252
415 252
416 252
417 252
418 252
419 252
420 252
421 252
422 252
423 252
424 252
425 252
426 252
427 252
428 252
429 252
430 252
431 252
432 252
433 252
434 252
435 252
436 252
437 252
438 252
439 252
440 252
441 252
442 252
443 252
444 252
445 252
446 252
447 252
448 252
449 252
450 252
451 252
452 252
453 252
454 252
455 252
456 252
457 252
458 252
459 252
460 252
461 252
462 252
463 252
464 252
465 252
466 252
467 252
468 252
469 252
470 252
471 252
472 252
473 252
474 252
475 252
476 252
477 252
478 252
479 252
480 252
481 252
482 252
483 252
484 252
485 252
486 252
486 251
487 251
487 250
488 250
489 250
490 250
491 250
492 250
158 58
159 58
160 58
161 58
162 58
163 58
164 58
165 58
166 58
167 58
168 58
169 58
170 58
171 58
172 58
173 58
174 58
175 58
176 58
177 58
178 58
179 58
180 58
181 58
182 58
183 58
184 58
185 58
186 58
187 58
188 58
189 58
190 58
191 58
192 58
193 58
194 58
195 58
196 58
197 58
197 59
197 60
197 61
197 62
197 63
197 64
197 65
197 66
197 67
197 68
197 69
197 70
197 71
197 72
197 73
197 74
197 75
197 76
197 77
197 78
197 79
197 80
197 81
197 82
197 83
197 84
197 85
197 86
197 87
197 88
197 89
197 90
197 91
197 92
197 93
197 94
197 95
197 96
197 97
197 98
197 99
197 100
197 101
197 102
197 103
197 104
197 105
197 106
197 107
197 108
197 109
197 110
197 111
197 112
197 113
197 114
197 115
197 116
197 117
197 118
197 119
197 120
197 121
197 122
197 123
197 124
197 125
197 126
197 127
197 128
197 129
197 130
197 131
197 132
197 133
197 134
197 135
197 136
197 137
197 138
197 139
197 140
197 141
197 142
197 143
197 144
197 145
197 146
197 147
197 148
197 149
197 150
197 151
197 152
197 153
197 154
197 155
197 156
197 157
197 158
197 159
197 160
197 161
197 162
197 163
197 164
197 165
197 166
197 167
197 168
197 169
197 170
197 171
197 172
197 173
197 174
197 175
197 176
197 177
197 178
197 179
197 180
197 181
197 182
197 183
197 184
197 185
197 186
197 187
197 188
197 189
197 190
197 191
197 192
197 193
197 194
197 195
197 196
197 197
197 198
197 199
197 200
197 201
197 202
197 203
197 204
197 205
197 206
197 207
197 208
197 209
197 210
197 211
197 212
197 213
197 214
197 215
197 216
197 217
197 218
197 219
197 220
197 221
197 222
197 223
197 224
197 225
197 226
197 227
197 228
197 229
197 230
197 231
197 232
197 233
197 234
197 235
197 236
197 237
197 238
197 239
197 240
197 241
197 242
197 243
197 244
197 245
197 246
197 247
197 248
197 249
197 250
197 251
197 252
197 253
197 254
197 255
197 256
197 257
197 258
197 259
197 260
197 261
197 262
197 263
197 264
197 265
197 266
197 267
197 268
197 269
197 270
197 271
198 271
198 272
199 272
200 272
201 272
202 272
203 272
203 273
203 274
203 275
203 276
203 277
203 278
203 279
203 280
203 281
203 282
203 283
203 284
203 285
203 286
203 287
203 288
203 289
203 290
203 291
203 292
203 293
203 294
203 295
