
422 236
423 236
424 236
425 236
426 236
427 236
428 236
429 236
430 236
431 236
432 236
433 236
434 236
435 236
436 236
437 236
438 236
439 236
440 236
441 236
442 236
443 236
444 236
445 236
446 236
447 236
448 236
449 236
450 236
451 236
452 236
453 236
454 236
455 236
456 236
457 236
458 236
459 236
460 236
461 236
462 236
463 236
464 236
465 236
466 236
467 236
468 236
468 237
468 238
469 238
470 238
471 238
472 238
473 238
474 238
475 238
476 238
477 238
478 238
479 238
480 238
481 238
482 238
483 238
484 238
485 238
486 238
487 238
488 238
489 238
490 238
491 238
492 238
493 238
493 239
493 240
493 241
493 242
493 243
493 244
493 245
493 246
493 247
321 122
322 122
323 122
323 123
323 124
323 125
323 126
323 127
323 128
323 129
323 130
323 131
323 132
323 133
323 134
323 135
323 136
323 137
323 138
323 139
323 140
323 141
323 142
323 143
323 144
323 145
323 146
323 147
323 148
323 149
323 150
323 151
323 152
323 153
323 154
323 155
323 156
323 157
323 158
323 159
323 160
323 161
323 162
323 163
323 164
323 165
324 165
325 165
326 165
327 165
328 165
329 165
330 165
331 165
332 165
333 165
334 165
335 165
336 165
337 165
338 165
339 165
340 165
341 165
342 165
343 165
344 165
345 165
346 165
347 165
348 165
349 165
350 165
351 165
352 165
353 165
354 165
355 165
356 165
357 165
358 165
359 165
360 165
361 165
362 165
363 165
364 165
365 165
366 165
367 165
368 165
369 165
370 165
371 165
372 165
373 165
374 165
375 165
376 165
377 165
378 165
379 165
380 165
381 165
382 165
383 165
384 165
385 165
386 165
387 165
388 165
389 165
390 165
390 166
390 167
390 168
390 169
390 170
390 171
390 172
390 173
390 174
390 175
390 176
390 177
390 178
390 179
390 180
390 181
390 182
390 183
390 184
390 185
390 186
390 187
390 188
390 189
390 190
390 191
390 192
390 193
390 194
390 195
390 196
390 197
390 198
390 199
390 200
390 201
390 202
390 203
390 204
390 205
390 206
390 207
390 208
390 209
390 210
390 211
390 212
390 213
390 214
390 215
390 216
390 217
390 218
390 219
390 220
390 221
390 222
390 223
390 224
390 225
390 226
390 227
390 228
390 229
390 230
390 231
390 232
390 233
390 234
390 235
390 236
390 237
390 238
390 239
391 239
391 240
392 240
393 240
394 240
395 240
396 240
397 240
398 240
399 240
400 240
401 240
402 240
403 240
404 240
405 240
406 240
407 240
408 240
409 240
410 240
411 240
412 240
413 240
413 239
414 239
415 239
415 238
416 238
416 237
417 237
417 236
418 236
419 236
420 236
421 236
422 236
373 56
372 56
371 56
370 56
369 56
368 56
367 56
366 56
365 56
364 56
363 56
362 56
361 56
360 56
359 56
358 56
357 56
356 56
355 56
354 56
353 56
352 56
351 56
350 56
349 56
348 56
347 56
346 56
345 56
344 56
343 56
342 56
341 56
340 56
339 56
338 56
337 56
336 56
335 56
334 56
333 56
332 56
331 56
330 56
329 56
328 56
327 56
326 56
325 56
324 56
323 56
322 56
321 56
321 57
321 58
321 59
321 60
321 61
321 62
321 63
321 64
321 65
321 66
321 67
321 68
321 69
321 70
321 71
321 72
321 73
321 74
321 75
321 76
321 77
321 78
321 79
321 80
321 81
321 82
321 83
321 84
321 85
321 86
321 87
321 88
321 89
321 90
321 91
321 92
321 93
321 94
321 95
321 96
321 97
321 98
321 99
321 100
321 101
321 102
321 103
321 104
321 105
321 106
321 107
321 108
321 109
321 110
321 111
321 112
321 113
321 114
321 115
321 116
321 117
321 118
321 119
321 120
321 121
321 122
288 56
289 56
290 56
291 56
292 56
293 56
294 56
295 56
296 56
297 56
298 56
299 56
300 56
301 56
302 56
303 56
304 56
305 56
306 56
307 56
308 56
309 56
310 56
311 56
312 56
313 56
314 56
315 56
316 56
317 56
318 56
319 56
320 56
321 56
322 56
323 56
324 56
325 56
326 56
327 56
328 56
329 56
330 56
331 56
332 56
333 56
334 56
335 56
336 56
337 56
338 56
339 56
340 56
341 56
342 56
343 56
344 56
345 56
346 56
347 56
348 56
349 56
350 56
351 56
352 56
353 56
354 56
355 56
356 56
357 56
358 56
359 56
360 56
361 56
362 56
363 56
364 56
365 56
366 56
367 56
368 56
369 56
370 56
371 56
372 56
373 56
252 122
252 121
252 120
252 119
252 118
252 117
252 116
252 115
252 114
252 113
252 112
252 111
252 110
252 109
252 108
252 107
252 106
252 105
252 104
252 103
252 102
252 101
252 100
252 99
252 98
252 97
252 96
252 95
252 94
252 93
252 92
252 91
252 90
252 89
252 88
252 87
252 86
252 85
252 84
252 83
252 82
252 81
252 80
252 79
252 78
252 77
252 76
252 75
252 74
252 73
252 72
252 71
252 70
252 69
252 68
252 67
252 66
252 65
252 64
252 63
252 62
252 61
252 60
252 59
252 58
252 57
252 56
253 56
254 56
255 56
256 56
257 56
258 56
259 56
260 56
261 56
262 56
263 56
264 56
265 56
266 56
267 56
268 56
269 56
270 56
271 56
272 56
273 56
274 56
275 56
276 56
277 56
278 56
279 56
280 56
281 56
282 56
283 56
284 56
285 56
286 56
287 56
288 56
158 59
159 59
160 59
161 59
162 59
163 59
164 59
165 59
166 59
167 59
168 59
169 59
170 59
171 59
172 59
173 59
174 59
175 59
176 59
177 59
178 59
179 59
180 59
181 59
182 59
183 59
184 59
185 59
186 59
187 59
188 59
189 59
190 59
191 59
192 59
193 59
194 59
195 59
196 59
197 59
198 59
199 59
200 59
201 59
202 59
203 59
204 59
205 59
206 59
207 59
208 59
209 59
210 59
211 59
212 59
213 59
214 59
215 59
216 59
217 59
218 59
219 59
220 59
221 59
222 59
223 59
224 59
225 59
226 59
227 59
228 59
229 59
230 59
231 59
232 59
233 59
234 59
235 59
236 59
237 59
238 59
239 59
240 59
241 59
242 59
243 59
244 59
245 59
246 59
247 59
248 59
249 59
250 59
251 59
252 59
252 60
252 61
252 62
252 63
252 64
252 65
252 66
252 67
252 68
252 69
252 70
252 71
252 72
252 73
252 74
252 75
252 76
252 77
252 78
252 79
252 80
252 81
252 82
252 83
252 84
252 85
252 86
252 87
252 88
252 89
252 90
252 91
252 92
252 93
252 94
252 95
252 96
252 97
252 98
252 99
252 100
252 101
252 102
252 103
252 104
252 105
252 106
252 107
252 108
252 109
252 110
252 111
252 112
252 113
252 114
252 115
252 116
252 117
252 118
252 119
252 120
252 121
252 122
161 91
161 90
161 89
161 88
162 88
163 88
164 88
165 88
166 88
167 88
168 88
169 88
170 88
171 88
172 88
173 88
174 88
175 88
176 88
177 88
178 88
179 88
180 88
181 88
182 88
183 88
184 88
185 88
186 88
187 88
188 88
189 88
190 88
191 88
192 88
192 87
192 86
192 85
192 84
192 83
192 82
192 81
192 80
192 79
192 78
192 77
192 76
193 76
193 75
194 75
194 74
194 73
194 72
194 71
194 70
194 69
194 68
194 67
194 66
194 65
194 64
194 63
194 62
194 61
194 60
194 59
193 59
192 59
191 59
190 59
189 59
188 59
187 59
186 59
185 59
184 59
183 59
182 59
181 59
180 59
179 59
178 59
177 59
176 59
175 59
174 59
173 59
172 59
171 59
170 59
169 59
168 59
167 59
166 59
165 59
164 59
163 59
162 59
161 59
160 59
159 59
158 59
203 302
203 301
203 300
203 299
203 298
203 297
203 296
203 295
203 294
203 293
203 292
203 291
203 290
203 289
203 288
203 287
203 286
203 285
203 284
203 283
203 282
203 281
203 280
203 279
203 278
203 277
203 276
203 275
203 274
203 273
203 272
202 272
201 272
200 272
199 272
198 272
198 271
197 271
197 270
197 269
197 268
197 267
197 266
197 265
197 264
197 263
197 262
197 261
197 260
197 259
197 258
197 257
197 256
197 255
197 254
197 253
197 252
197 251
197 250
197 249
197 248
197 247
197 246
197 245
197 244
197 243
197 242
197 241
197 240
197 239
197 238
197 237
197 236
197 235
197 234
197 233
197 232
197 231
197 230
197 229
197 228
197 227
197 226
197 225
197 224
197 223
197 222
197 221
197 220
197 219
197 218
197 217
197 216
197 215
197 214
197 213
197 212
197 211
197 210
197 209
197 208
197 207
197 206
197 205
197 204
197 203
197 202
197 201
197 200
197 199
197 198
197 197
197 196
197 195
197 194
197 193
197 192
197 191
197 190
197 189
197 188
197 187
197 186
197 185
197 184
197 183
197 182
197 181
197 180
197 179
197 178
197 177
197 176
197 175
197 174
197 173
197 172
197 171
197 170
197 169
197 168
197 167
197 166
197 165
197 164
197 163
197 162
197 161
197 160
197 159
197 158
197 157
197 156
197 155
197 154
197 153
197 152
197 151
197 150
197 149
197 148
197 147
197 146
197 145
197 144
197 143
197 142
197 141
197 140
197 139
197 138
197 137
197 136
197 135
197 134
197 133
197 132
197 131
197 130
197 129
197 128
197 127
197 126
197 125
197 124
197 123
197 122
197 121
197 120
197 119
197 118
197 117
197 116
197 115
197 114
197 113
197 112
197 111
197 110
197 109
197 108
197 107
197 106
197 105
197 104
197 103
197 102
197 101
197 100
197 99
197 98
197 97
197 96
197 95
197 94
197 93
197 92
197 91
196 91
195 91
194 91
193 91
192 91
191 91
190 91
189 91
188 91
187 91
186 91
185 91
184 91
183 91
182 91
181 91
180 91
179 91
178 91
177 91
176 91
175 91
174 91
173 91
172 91
171 91
170 91
169 91
168 91
167 91
166 91
165 91
164 91
163 91
162 91
161 91
493 247
492 247
491 247
490 247
489 247
488 247
487 247
487 248
487 249
487 250
487 251
486 251
486 252
485 252
484 252
483 252
482 252
481 252
480 252
479 252
478 252
477 252
476 252
475 252
474 252
473 252
472 252
471 252
470 252
469 252
468 252
467 252
466 252
465 252
464 252
463 252
462 252
461 252
460 252
459 252
458 252
457 252
456 252
455 252
454 252
453 252
452 252
451 252
450 252
449 252
448 252
447 252
446 252
445 252
444 252
443 252
442 252
441 252
440 252
439 252
438 252
437 252
436 252
435 252
434 252
433 252
432 252
431 252
430 252
429 252
428 252
427 252
426 252
425 252
424 252
423 252
422 252
421 252
420 252
419 252
418 252
417 252
416 252
415 252
414 252
413 252
412 252
411 252
410 252
409 252
408 252
407 252
406 252
405 252
404 252
403 252
402 252
401 252
400 252
399 252
398 252
397 252
396 252
395 252
394 252
393 252
392 252
391 252
390 252
389 252
388 252
387 252
386 252
385 252
384 252
383 252
382 252
381 252
380 252
379 252
378 252
377 252
376 252
375 252
374 252
373 252
372 252
371 252
370 252
369 252
368 252
367 252
366 252
365 252
364 252
363 252
362 252
361 252
360 252
359 252
358 252
357 252
356 252
355 252
354 252
353 252
352 252
351 252
350 252
349 252
348 252
347 252
346 252
345 252
344 252
343 252
342 252
341 252
340 252
339 252
338 252
337 252
336 252
335 252
334 252
333 252
332 252
331 252
330 252
329 252
328 252
327 252
326 252
325 252
324 252
323 252
322 252
321 252
320 252
319 252
318 252
317 252
316 252
315 252
314 252
313 252
312 252
311 252
310 252
309 252
308 252
307 252
306 252
305 252
304 252
303 252
302 252
301 252
300 252
299 252
298 252
297 252
296 252
295 252
294 252
293 252
292 252
291 252
290 252
289 252
288 252
287 252
286 252
285 252
284 252
283 252
282 252
281 252
280 252
279 252
278 252
277 252
276 252
275 252
274 252
273 252
272 252
271 252
270 252
269 252
268 252
267 252
266 252
265 252
264 252
263 252
262 252
261 252
260 252
259 252
258 252
257 252
256 252
255 252
254 252
253 252
252 252
251 252
250 252
249 252
248 252
247 252
246 252
245 252
244 252
243 252
242 252
241 252
240 252
239 252
238 252
237 252
236 252
235 252
234 252
233 252
232 252
231 252
230 252
229 252
228 252
227 252
226 252
225 252
224 252
223 252
222 252
221 252
220 252
219 252
218 252
217 252
216 252
215 252
214 252
213 252
212 252
211 252
210 252
209 252
208 252
208 253
208 254
208 255
208 256
208 257
208 258
208 259
208 260
208 261
208 262
208 263
208 264
208 265
208 266
208 267
208 268
208 269
208 270
208 271
208 272
207 272
206 272
205 272
204 272
203 272
203 273
203 274
203 275
203 276
203 277
203 278
203 279
203 280
203 281
203 282
203 283
203 284
203 285
203 286
203 287
203 288
203 289
203 290
203 291
203 292
203 293
203 294
203 295
203 296
203 297
203 298
203 299
203 300
203 301
203 302
